x
-1 1
1 0 2056.997
2 -12625.99 2348.437
3 0 3.416007
4 0 2154.273
5 -9.257064 26.77029
6 0 0.8868094
7 -28.78912 31.81978
8 -6.383188 15.54778
9 -23.07345 48.10648
10 0 0.39036
11 0 37.96806
12 0 2748.315
13 -13899.08 53862.8
14 -53.86822 -9.034895000000001
15 0.04109246 4.041417
16 0 3072.719
17 0 1.122415
18 -5.418503e+36 5.530878e+27
19 -88.71899000000001 8.895303
20 -2503.9 324.4561
21 0 8.42
22 -6.820265 57.74992
23 0.08830845 2.842853
24 -10309.58 35737.17
25 -5758.185 15035.11
26 -8076.955 14552.83
27 -42.27707 13.78239
28 -40.90744 51.26659
29 -7766.237 34739
30 0 0.2041484
31 -19084.21 1755338
32 -0.07133225999999999 0.1311554
33 -17.30297 38.4114
34 0 0.5316486
35 -34.65071 55.37863
36 0 62.04819
37 0.006291777 2.97629
38 -366.8921 2103.355
39 -32.25505 15.43865
40 -21.80548 237.7203
41 0 0.8081656
42 0 2.767561
43 0 0.5350968
44 0 1.7
45 -317.9398 1981.39
46 0 1666.483
47 0 60.94913
48 0 2.694276
49 -201 23.46715
50 -25205.59 5070.853
51 0 46.53465
52 -723.0055 3238.526
53 0.03700702 2.663015
54 0.2056362 7.774067
55 0.001033966 1.271872
56 0.006300103 1.673958
57 -0.06149329 0.04805987
58 -82.29346 234.6503
59 -144.9563 241.4198
60 0 4.056211
61 -68.68362999999999 31.42537
62 -37.63813 38.64103
63 0 60.94551
64 0 2.657893
65 -8.440816999999999 46.78426
66 -128.7591 70.58394
67 0 1092.955
68 -201 18.51601
69 -54.85724 49.76984
70 0 0.8890269
71 0 7.234118
72 -0.1057522 0.08680581
73 0 40.87004
74 -5472.786 5114.519
75 -31.93565 37.19132
76 0 2091.199
77 0 60.89642
78 0 2123.703
79 -0.03962096 0.03546692
80 -47.54203 20.09799
81 0 6.0206
82 -4.716107 42.86024
83 -56.9957 49.02999
84 0 12
85 0 4.79971
86 -1419.573 5940.089
87 0 25
88 0 0.277901
